3
6
3295 7245
14604 7709
10570 5052
13127 2320
4587 2202
7348 4952
3315 6745 0 0 359 1 
3275 7745 0 0 359 1 
3356 5746 0 0 359 1 
3234 8744 0 0 359 1 
7221 7072 -66 -30 287 1 
7927 6525 132 -109 359 1 
6287 7116 -43 -265 260 1 
7746 5710 -264 -53 192 1
13388 2259 0 0 359 1 
12710 1523 0 0 359 1 
14065 2994 0 0 359 1 
12033 788 0 0 359 1
3667 4694 0 0 359 1 
3433 5666 0 0 359 1 
3900 3721 0 0 359 1 
3200 6639 0 0 359 1 
3667 4694 0 0 359 1 
3433 5666 0 0 359 1 
3900 3721 0 0 359 1 
3200 6639 0 0 359 1 
3667 4694 0 0 359 1 
3433 5666 0 0 359 1 
3900 3721 0 0 359 1 
3200 6639 0 0 359 1 
3667 4694 0 0 359 1 
3433 5666 0 0 359 1 
3900 3721 0 0 359 1 
3200 6639 0 0 359 1 
3667 4694 0 0 359 1 
3433 5666 0 0 359 1 
3900 3721 0 0 359 1 
3200 6639 0 0 359 1 
3667 4694 0 0 359 1 
3433 5666 0 0 359 1 
3900 3721 0 0 359 1 
3200 6639 0 0 359 1 
3667 4694 0 0 359 1 
3433 5666 0 0 359 1 
3900 3721 0 0 359 1 
3200 6639 0 0 359 1 
3667 4694 0 0 359 1 
3433 5666 0 0 359 1 
3900 3721 0 0 359 1 
3200 6639 0 0 359 1 
3667 4694 0 0 359 1 
3433 5666 0 0 359 1 
3900 3721 0 0 359 1 
3200 6639 0 0 359 1 
3667 4694 0 0 359 1 
3433 5666 0 0 359 1 
3900 3721 0 0 359 1 
3200 6639 0 0 359 1 
3667 4694 0 0 359 1 
3433 5666 0 0 359 1 
3900 3721 0 0 359 1 
3200 6639 0 0 359 1 
3667 4694 0 0 359 1 
3433 5666 0 0 359 1 
3900 3721 0 0 359 1 
3200 6639 0 0 359 1 
3667 4694 0 0 359 1 
3433 5666 0 0 359 1 
3900 3721 0 0 359 1 
3200 6639 0 0 359 1 
3667 4694 0 0 359 1 
3433 5666 0 0 359 1 
3900 3721 0 0 359 1 
3200 6639 0 0 359 1 
3667 4694 0 0 359 1 
3433 5666 0 0 359 1 
3900 3721 0 0 359 1 
3200 6639 0 0 359 1 
3667 4694 0 0 359 1 
3433 5666 0 0 359 1 
3900 3721 0 0 359 1 
3200 6639 0 0 359 1 
3667 4694 0 0 359 1 
3433 5666 0 0 359 1 
3900 3721 0 0 359 1 
3200 6639 0 0 359 1 
3667 4694 0 0 359 1 
3433 5666 0 0 359 1 
3900 3721 0 0 359 1 
3200 6639 0 0 359 1 
3667 4694 0 0 359 1 
3433 5666 0 0 359 1 
3900 3721 0 0 359 1 
3200 6639 0 0 359 1 
3667 4694 0 0 359 1 
3433 5666 0 0 359 1 
3900 3721 0 0 359 1 
3200 6639 0 0 359 1 
3667 4694 0 0 359 1 
3433 5666 0 0 359 1 
3900 3721 0 0 359 1 
3200 6639 0 0 359 1 
3667 4694 0 0 359 1 
3433 5666 0 0 359 1 
3900 3721 0 0 359 1 
3200 6639 0 0 359 1 
3667 4694 0 0 359 1 
3433 5666 0 0 359 1 
3900 3721 0 0 359 1 
3200 6639 0 0 359 1 
3667 4694 0 0 359 1 
3433 5666 0 0 359 1 
3900 3721 0 0 359 1 
3200 6639 0 0 359 1 
3667 4694 0 0 359 1 
3433 5666 0 0 359 1 
3900 3721 0 0 359 1 
3200 6639 0 0 359 1 
3667 4694 0 0 359 1 
3433 5666 0 0 359 1 
3900 3721 0 0 359 1 
3200 6639 0 0 359 1 
